0 0.29788639365918096 0.7331571994715986 0.16776750330250978 0.31439894319682965
0 0.4141347424042273 0.34940554821664455 0.2047556142668429 0.31571994715984136
0 0.830911492734478 0.3183619550858651 0.20079260237780744 0.2800528401585203
0 0.6519154557463673 0.27873183619550856 0.1968295904887717 0.3487450462351387
0 0.8738441215323643 0.8077939233817701 0.1756935270805816 0.2919418758256274
0 0.7014531043593132 0.7503302509907528 0.18758256274768825 0.3117569352708051
0 0.48877146631439894 0.7681638044914133 0.18758256274768828 0.31571994715984153
0 0.12813738441215317 0.7668428005284017 0.1928665785997357 0.2972258916776752
0 0.20409511228533678 0.32959048877146624 0.20475561426684258 0.29194187582562725
0 0.32166446499339507 0.23117569352708048 0.14134742404227207 0.22985468956406865
