1 0.14120423482778513 0.8948863044253176 0.12180556997923998 0.20481381026138754
1 0.3527850211991301 0.6273651822116576 0.12631688738587776 0.1587983727136744
1 0.4822598307696531 0.5181913009710049 0.1524825283443802 0.19308438500412906
1 0.8097814744916092 0.5452592054108365 0.12541462390455096 0.21293418159333793
1 0.5580499632011825 0.3521748204067087 0.13263273175517373 0.1804526962655398
1 0.7267732342094626 0.41307760539632854 0.07488786895020014 0.165114217082969
1 0.6397048082613392 0.16675967499386643 0.09924898294604921 0.11458746212861769
1 0.32436372153730814 0.3756336709212298 0.17233232493359066 0.1858662771535064
1 0.2864686553215447 0.18751173506440394 0.16872327100828002 0.14526442049375995
1 0.461958902439781 0.26330186749593065 0.1696255344896079 0.1885730675974896
