1 0.6466314398943197 0.5554821664464993 0.1492734478203434 0.19154557463672378
1 0.30118890356671085 0.5944517833553499 0.12945838837516538 0.22192866578599701
1 0.4511228533685601 0.509907529722589 0.12813738441215325 0.22457067371202083
1 0.4359313077939233 0.3269484808454426 0.10303830911492738 0.15191545574636722
1 0.709379128137384 0.6776750330250989 0.08190224570673683 0.1136063408190228
1 0.5138705416116248 0.632100396301189 0.0660501981505945 0.10171730515191549
1 0.9504623513870541 0.8487450462351387 0.04623513870541615 0.08322324966974903
1 0.8434610303830911 0.7443857331571998 0.048877146631439806 0.06208718626155903
1 0.6387054161162484 0.7972258916776752 0.07265521796565388 0.10964332892998736
1 0.10105680317040955 0.42073976221928683 0.07001321003963011 0.09114927344782013
1 0.6136063408190224 0.6922060766182302 0.07265521796565384 0.08982826948480838
