1 0.1928665785997358 0.3236459709379128 0.08454425363276089 0.1373844121532365
1 0.26354029062087186 0.35468956406869223 0.07001321003963014 0.11756935270805816
1 0.34610303830911493 0.34808454425363267 0.07133421400264202 0.14398943196829583
1 0.47490092470277423 0.42206076618229843 0.0858652575957726 0.14927344782034346
1 0.6050198150594449 0.5092470277410831 0.09247027741083244 0.15984147952443822
1 0.6677675033025099 0.3500660501981506 0.08586525759577285 0.1611624834874505
1 0.7622192866578601 0.4214002642007925 0.07661822985468958 0.16380449141347395
1 0.8533685601056804 0.37120211360634076 0.08454425363276076 0.16908850726552177
1 0.8996036988110966 0.23778071334214 0.07397622192866585 0.13210039630118892
1 0.6974900924702773 0.7113606340819024 0.09511228533685598 0.14398943196829592
1 0.6327608982826951 0.7992073976221928 0.08454425363276094 0.16908850726552188
1 0.5819022457067371 0.6974900924702774 0.0805812417437253 0.11624834874504614
1 0.09643328929986794 0.76552179656539 0.07397622192866579 0.1360634081902248
1 0.054161162483487464 0.679656538969617 0.06605019815059447 0.1360634081902248
