1 0.6947428806223275 0.3218029624377772 0.1912798580414747 0.27789715224892997
1 0.5327865857240072 0.6502268696410618 0.14165536656845046 0.25624282869706594
1 0.6843668505870601 0.7106785228900165 0.16330969012031718 0.2598518826223747
1 0.15744497749168357 0.4616538020435704 0.10195577339003015 0.17503911537757216
1 0.3455669133485098 0.32135183069711504 0.08120371331949315 0.13624178568048292
1 0.19624230718877506 0.6046625638340134 0.06766976109957765 0.11819651605392893
1 0.13625466547473186 0.6034769448792114 0.05016340917975198 0.08676914020281445
1 0.07083886836870393 0.384859384602589 0.08880279192631789 0.14032196892173882
1 0.20743247579735297 0.3553714346117888 0.08405760457147653 0.1287979424885525
1 0.30233622289418105 0.14574504018441473 0.12879794248855247 0.1748940482212977
1 0.798208301475108 0.895944820147406 0.060331667797269256 0.08066818503230405
1 0.7551626733276163 0.8284953713178759 0.0704999264147863 0.1260864068572162
